"ID"	"GENE_SYMBOL"	"ENTREZ_ID"	"Genotoxic.score"	"Non.Genotoxic.score"	"stdev"	"PC1"	"PC2"	"PC.mn"	"PC.std"	"X5.FU"	"AraC"	"Bleomycin"	"Camptothecin"	"Cisp"	"Etoposide"	"Hydrogen.Peroxide"	"Hydroxyurea"	"Methotrexate"	"MMS"	"Potassium.Chromate..VI."	"Sodium.Arsenite"	"X.ray"	"X2.deoxy.D.glucose..2.DG."	"Aapicidin"	"Antimycin.A"	"Cadmium.Chloride"	"Colchicine"	"Docetaxel"	"EtOH.2."	"EtOH.4."	"HC.toxin"	"Heat.Shock"	"Oxamflatin"	"Paclitaxel"	"Thapsigargin"	"TSA"	"Tunicamysin"	"Vinblastin"
"ACTA2"	"ACTA2"	59	0.3895	-0.3296	0.198403136	-0.0931217703381756	0.0975621136221921	0.285304546674291	0.435230567526858	0.001926613	0.15453229	0.290304873	0.084226878	0.190019716	0.182649788	0.333947243	0.088884153	0.04201524	0.155649529	0.122013608	0.483750095	0.177082162	-0.051982791	-0.023987106	0.193707982	0.063819649	-0.086609175	0.019175909	0.058031018	-0.093971372	0.029624282	0.037731627	0.040061885	-0.045086879	0.032473665	0.04542313	0.051733543	-0.086475988
"AEN"	"AEN"	64782	0.8952	-0.7575	0.216786892	-0.152348095017392	0.00768685433473227	0.234988312947214	0.688232604030204	0.178590419	0.388652639	0.431461447	0.308173836	0.229341104	0.18617159	0.20786817	0.34063038	0.06624174	0.259343513	0.244738397	0.363514129	0.303085468	0.004654002	-0.290059676	-0.135618103	-0.10567113	-0.039064716	-0.010360068	-0.143382704	0.02364665	-0.209973761	-0.147272586	-0.231406828	-0.008294093	-0.006820003	-0.145746124	0.037081185	-0.048107483
"ARRDC4"	"ARRDC4"	91947	0.554	-0.4688	0.269665846	-0.129126883132508	0.0874491519490443	0.367157037180164	0.650909690571483	0.062890206	0.437841105	0.562620659	0.15453652	0.221790918	0.35340581	0.660171818	0.21670471	-0.025824791	0.015602138	0.276977117	0.106730514	0.29218601	-0.054585572	-0.057408044	0.032062475	-0.033306305	-0.001222829	0.041226573	0	0	0.05049294	0.036194355	0.011657169	0.085931522	0.038014873	-0.170058519	-0.099943812	-0.009454402
"B3GNT2"	"B3GNT2"	10678	-0.513	0.434	0.243409901	0.112949147471718	0.0818901637696086	-0.0192506043527176	0.624611034541117	-0.185059781	-0.076156199	-0.083427855	-0.309204309	-0.324415917	-0.152028014	0.035442252	-0.061849797	-0.159565958	-0.250317906	-0.230571357	0.150203184	-0.139672601	0.183426911	0.121134754	0.430345975	0.395513925	0.01187637	-0.009685783	0.193981701	0.048972436	0.112749465	-0.210545624	0.091060189	-0.046823255	0.054831136	0.045089957	0.166766639	0.029874191
"BLOC1S2"	"BLOC1S2"	282991	0.9074	-0.7678	0.182310618	-0.15376562896466	0.0416924919662887	0.356569761272127	0.56600321176598	0.286160282	0.324303961	0.350870191	0.270117358	0.323284353	0.342281404	0.123548155	0.257937422	0.130926588	0.197239543	0.200450793	0.423659133	0.346799043	-0.019693356	-0.137310906	-0.064866505	-0.055726684	-0.026953512	0.01749299	0.067986003	0.002604668	-0.11351253	-0.071479444	-0.090814342	-0.017738155	0.071094442	-0.023232035	-0.005204823	0.00258358
"BRMS1L"	"BRMS1L"	84312	0.509	-0.4307	0.218519521	-0.125324819137471	0.0289015981756736	0.258705142634513	0.452493347229446	0.162307014	0.311533243	0.336202728	0.196430777	0.174226535	0.219656289	-0.001075049	0.269419377	0.087587139	-0.031322724	0.08439539	0.099344464	0.281434242	-0.09573488	0.040629434	-0.183728898	0.169306245	-0.05486079	0.000304005	0.160673181	0.036326838	0.141594532	-0.091383742	0.078267652	-0.068111044	0.033499354	0.068103068	-0.116220847	-0.050341302
"BTG2"	"BTG2"	7832	0.8538	-0.7224	0.206901972	-0.14048461286332	0.0642748345773671	0.621540348843145	0.628787065258696	0.505451195	0.381445467	0.512381756	0.36064465	0.511788023	0.235598678	0.434196792	0.38363491	0.369698902	0.224611184	0.338167603	0.205071308	0.294563046	-0.124779764	0.221009717	0.040529348	-0.011446282	0.088498218	-0.032237576	0.020498891	-0.08104722	0.140601516	0.038709068	0.130279197	0.01485034	0.048393585	0.01495688	0.027403568	0.132493367
"C12orf5"	"TIGAR"	57103	0.6351	-0.5374	0.225288872	-0.140468178434318	0.098356866679736	0.395070858635696	0.570991078116908	0.351422729	0.399156847	0.459515463	0.291340007	0.254220994	0.294672904	0.070198256	0.372829009	0.053039364	0.143224643	0.196853202	0.236992054	0.348715807	-0.064526826	0.174435876	-0.114888657	-0.133001571	-0.009449433	0.007013043	-0.028208031	-0.01862816	0.158590455	-0.113837388	0.120314066	-0.024653897	-0.038579093	0.029952654	0.000759979	0.031442891
"CBLB"	"CBLB"	868	-0.617	0.5221	0.182955208	0.129353574711447	0.0490001834003111	-0.0743964612708951	0.415886390047415	-0.067954472	-0.079736213	-0.047924416	-0.374783796	-0.133016163	-0.104218115	-0.047789517	-0.106520506	-0.108800128	-0.13561992	-0.222905163	0.005943672	-0.161558274	0.120198961	0.094676855	0.080066408	0.056773648	0.106696325	0.051155134	-0.15548372	-0.058605299	0.044482711	-0.025955311	0.12477765	0.031681625	0.135377856	0.068463463	0.145525698	0.115579581
"CCP110"	"CCP110"	9738	0.6383	-0.5401	0.174623413	-0.151725577882041	0.0208233830613985	0.21369178554441	0.390070282423254	0.181497592	0.281929168	0.273663828	0.211966075	0.212400695	0.150960793	0.111809915	0.257652558	0.070912718	0.156387774	0.049095385	0.13498564	0.146946107	-0.044911405	0.00613919	-0.164900776	-0.050704018	0.044836278	-0.005885903	0.007672015	-0.086350005	-0.010960245	-0.113551657	0.014638716	0.002295587	0.023102579	-0.003643156	-0.00452136	0.012037393
"CDKN1A"	"CDKN1A"	1026	0.7021	-0.5941	0.243437029	-0.120572219476902	0.166341702668956	0.821691620301704	0.67588250324003	0.684382355	0.421079641	0.642638096	0.242379418	0.448744514	0.376752666	0.462066981	0.359344545	0.236830432	0.29133248	0.396423298	0.575848111	0.398466816	0.001304919	0.338958689	0.18451584	0.156909658	0.031325088	0.016881478	0.092337164	0.095796793	0.249268091	0.008674026	0.185471354	-0.043903587	0.108374821	0.184144907	0.060825588	-0.03391326
"CEBPD"	"CEBPD"	1052	0.5021	-0.4249	0.327948833	-0.101000078462626	-0.106939955918536	-0.375292310445741	0.804062011163475	-0.033644459	0.143808435	-0.058362463	0.215244849	0.229126477	-0.059954814	-0.033860207	0.075840115	0.00059665	0.070655185	-0.035494156	0.014528298	-0.211592269	-0.411842894	-0.790452698	-0.387917414	-0.016311534	-0.074822888	-0.068970241	0.009227146	-0.03334026	-0.500548209	-0.070804503	-0.581913181	-0.135200356	0.128093052	-0.271735376	-0.406153226	0.019547906
"CENPE"	"CENPE"	1062	-0.5462	0.4621	0.203300429	0.109798506640863	0.0638296992973986	-0.194358256015209	0.455252241393987	-0.129202835	-0.118066588	-0.067359098	-0.262064803	-0.16317459	-0.08877119	-0.235779592	-0.114240181	-0.402589304	-0.03592301	-0.28537268	-0.071694581	-0.232852079	-0.015500156	0.069248861	-0.088982736	-0.068552654	0.105001762	0.08805321	0.141078537	-0.040673277	0.050997024	-0.039006595	0.085186689	0.014741941	-0.061574834	0.126734552	-0.012542811	0.156158734
"COIL"	"COIL"	8161	0.4245	-0.3592	0.273188589	-0.107318131644414	-0.0177832485474856	-0.284793502058018	0.594620706881246	0.043846146	0.113199515	0.099754268	0.094615319	0.081169641	0.008597844	-0.055108671	0.033983202	-0.094504928	-0.118961683	-0.024483204	0.068144366	0.009849875	0.025599332	-0.568568781	-0.093096633	-0.177931748	-0.088509874	0.012525234	0.029817342	-0.070956313	-0.429523059	-0.158034835	-0.53585547	-0.038237253	-0.179041403	-0.344322034	-0.09704125	-0.033135159
"DAAM1"	"DAAM1"	23002	-0.57	0.4823	0.257656765	0.119380453656819	0.0482125164465678	0.283799935129194	0.627353434474058	-0.106670452	-0.04335161	-0.013325683	-0.208422546	-0.095763315	0.022742676	-0.023693598	-0.073085243	0.051209029	-0.011890218	-0.19502022	0.141230551	-0.094974	0.131190301	0.418240497	0.160369748	0.141057064	0.257973918	0.016834626	0.146005436	0.022855434	0.35910525	-0.101443208	0.454497994	-0.030545278	0.436474042	0.384489745	0.137325803	0.194119761
"DCP1B"	"DCP1B"	196513	0.7629	-0.6455	0.161300043	-0.152553653621101	0.0753275254120734	0.218876980931284	0.407591173676377	0.153805382	0.260946003	0.319268757	0.213285093	0.194528952	0.173191013	0.187297707	0.193198777	0.145978767	0.109145184	-0.019398497	0.205408656	0.233647632	-0.031077622	-0.115125849	-0.009866037	-0.079181703	-0.061037157	0.028268619	0.013297955	-0.021889226	-0.075015328	-0.045839118	-0.015427377	-0.028683255	-0.017777396	0.014612588	0.027481399	-0.042276357
"DDB2"	"DDB2"	1643	0.8717	-0.7376	0.181249754	-0.157039053884665	0.0908286119259457	0.379893460471866	0.515996614938399	0.274425558	0.314640344	0.422502125	0.248327724	0.273141089	0.3813773	0.264294841	0.277977483	0.120826424	0.174271485	0.149947158	0.119173575	0.401941291	-0.062276228	-0.061514673	0.082018981	-0.059005381	-0.012788078	0.027418643	0.055563479	-0.038041529	-0.013142627	0.026692867	-0.04302689	-0.027098816	0.005800499	-0.004285412	0.047157853	-0.029898609
"DUSP14"	"DUSP14"	11072	0.4979	-0.4213	0.18107769	-0.131308391019124	0.0931871016615247	0.329269010695896	0.354337560843073	0.194883497	0.269445905	0.285755115	0.231874779	0.221920863	0.128890646	0.198727704	0.227908558	0.068974133	0.096585566	0.171014318	-0.022312674	0.239944818	-0.028500488	0.075416461	-0.044455152	-0.029913947	0.018025899	-0.005361202	0.025578294	0.17037845	0.071253981	-0.02470609	0.145916757	-0.023295865	0.160523916	0.057259908	-0.04096163	0.033703097
"E2F7"	"E2F7"	144455	0.9433	-0.7982	0.190295356	-0.151189082144493	0.0149622508328152	0.332618552833544	0.570601645538377	0.322092074	0.429676763	0.38955857	0.192282924	0.256418064	0.167667977	0.16882114	0.401125121	0.235377479	0.198106031	0.241196798	0.204184946	0.194634211	-0.144736353	-0.066084233	-0.154292756	0.064579706	-0.052588919	-0.0753555	0.141212096	0.111958536	-0.016048337	0.029669498	-0.05367761	-0.126999469	-0.009863841	-0.009543788	-0.081206196	-0.054448248
"E2F8"	"E2F8"	79733	0.6696	-0.5666	0.236683428	-0.128023349479293	-0.0678593834931921	-0.182058592154623	0.672118988932299	-0.011460452	0.287840319	0.131981457	0.206610139	0.104292863	0.087767234	0.121322885	0.240065256	0.108531645	0.189220175	0.048366083	-0.300104492	-0.01054548	-0.062777694	-0.42742494	-0.314134292	-0.492471197	-0.007118359	-0.002969888	-0.163542081	-0.053786256	-0.287362292	-0.091040743	-0.240792375	0.002833903	-0.230324951	-0.188736039	-0.252560513	0.018972266
"EI24"	"EI24"	9538	0.5449	-0.4611	0.174471691	-0.150531637141215	0.0102658397103505	0.0699458193301052	0.341733297922392	0.075968109	0.142042033	0.217842145	0.180731128	0.179651732	0.150799793	0.047400249	0.110413071	0.02677996	0.035064157	0.048088346	-0.071007439	0.232487993	-0.110758106	-0.05781083	-0.162522998	-0.072881689	-0.004608348	0.033796417	-0.024640378	-0.039871828	-0.044374763	-0.054415092	-0.054790643	-0.037477863	-0.020330318	-0.004906926	-0.098470909	-0.011579102
"FAM123B"	"AMER1"	139285	0.6079	-0.5144	0.223917377	-0.138523645078788	-0.0392109136490018	-0.399255112298826	0.559667448704297	0.034808693	0.184733547	0.116799845	0.134708966	0.023105599	0.132370598	-0.129785998	0.114643128	-0.075720744	-0.108495861	-0.10493294	-0.338171514	0.053666427	-0.241854697	-0.341962446	-0.368112507	-0.29524928	-0.151539997	0.015598791	-0.309734824	-0.219652426	-0.315572573	-0.158012723	-0.291799472	-0.069090331	-0.155001708	-0.213735758	-0.303853817	-0.103601155
"FBXO22"	"FBXO22"	26263	0.695	-0.5881	0.15752166	-0.147279937887125	0.0883684559586124	0.15042446083562	0.368043135007824	0.149285972	0.196339286	0.270224269	0.123160593	0.218667593	0.191969129	0.154382365	0.140253403	0.111213195	0.083195225	-0.030443352	0.031767087	0.264286131	-0.001101956	-0.052368063	-0.017440565	-0.083146013	-0.036014112	-0.006562521	-0.06883262	-0.060535465	-0.011576779	-0.064891945	-0.003539326	-0.040033415	-0.084200012	-0.010068365	-0.006107794	-0.044695976
"GADD45A"	"GADD45A"	1647	0.6457	-0.5464	0.242664719	-0.111311923893582	0.061502752603508	0.867195505436519	0.671866595444874	0.295328331	0.544748325	0.485068287	0.319607133	0.438611549	0.211291165	0.487291221	0.543827332	0.153635833	0.478740151	0.5467591	0.646081343	0.28062162	0.272961728	0.059545374	0.332268161	0.243817503	0.00223626	-0.005341519	0.260812702	0.385547687	0.033966872	0.109081977	0.047544366	-0.065348283	0.156330441	0.012978878	0.269816394	0.022673987
"GXYLT1"	"GXYLT1"	283464	0.3679	-0.3113	0.157334198	-0.116608675176445	0.0984450164611944	0.14838632404134	0.225077409911891	0.209095091	0.126559843	0.109571867	0.08018235	0.010239091	0.109746023	0.025158365	0.154113767	0.057037409	0.034526981	0.076239933	0.124030871	0.135208749	0.009518396	0.00626091	0.002924806	0.075898514	-0.050413285	-0.03392064	0.109430239	0.004834105	0.021296665	-0.020724616	0.0362609	-0.023917942	-0.03170735	-0.00196426	-0.012712531	-0.047380951
"HIST1H1E"	"H1-4"	3008	-0.4708	0.3984	0.311311669	0.0812373013904689	0.273489492965799	-0.424287307869626	0.979993946264671	0.029846075	-0.415433773	-0.006446066	-0.254794346	-0.412010241	-0.21005469	0.049276411	-0.375407297	-0.693419719	-0.547140518	-0.798457687	-0.238960264	-0.061133803	-0.136211112	0.172189696	0.187409822	-0.547603274	-0.089061227	-0.06022232	0.193427463	0.490074835	0.205756319	-0.190235417	0.190402569	-0.112662551	-0.123222894	-0.074150485	0.123181059	0.001090448
"HIST1H2BB"	"H2BC3"	3018	-0.2762	0.2337	0.326182761	0.0758644052296765	0.305726525809145	0.0469577963823845	0.750644871118669	0.577149395	-0.32612867	0.016849205	-0.093690308	-0.136182589	-0.097543631	0.176140498	-0.291922435	-0.482627967	-0.046484664	-0.305516409	-0.025760575	-0.052724065	0.085945399	0.104149731	0.498935623	-0.181140232	-0.063470996	0.07946591	0.06730184	0.344723415	0.043525284	0.083797479	0.120100762	-0.05187696	0.062387275	0.005083989	0.115636337	0.183812811
"HIST1H2BC"	"H2BC4"	8347	-0.3179	0.269	0.328576434	0.0868868542233755	0.293374943389231	0.0302143212670161	0.814406494526434	0.520876764	-0.399064765	-0.012655205	-0.117992612	-0.168753859	-0.1020052	0.254818885	-0.392009679	-0.417684278	-0.083517412	-0.427942804	-0.01371383	-0.095635968	0.131478308	0.141643575	0.500721066	-0.172898751	-0.048255491	0.03231647	0.141800656	0.440927091	0.049684022	0.065586689	0.102403409	-0.040789938	0.081667356	-0.000930632	0.098444932	0.195248294
"HIST1H2BG"	"H2BC8"	8339	-0.3252	0.2752	0.349431335	0.0846065142783063	0.294393599523291	0.0978066721839679	0.927252194273602	0.657884835	-0.37482649	-0.020529826	-0.102203691	-0.198210653	-0.107233151	0.236735478	-0.364676427	-0.492764637	-0.08856668	-0.42443427	-0.036329983	-0.11332655	0.103551556	0.171824463	0.486666894	-0.172041958	-0.057217151	0.0517546	0.213945045	0.656623758	0.165740401	0.076422181	0.16231804	-0.064186093	0.087710101	0.071217282	0.06947736	0.258515087
"HIST1H2BI"	"H2BC10"	8346	-0.2628	0.2224	0.332690089	0.0758688018746375	0.302474778379544	0.0374921938945756	0.783772259170759	0.638604103	-0.317776652	-0.039376253	-0.104317641	-0.169319129	-0.104785531	0.179792701	-0.283036537	-0.473979382	-0.060569495	-0.37448948	0.01836143	-0.074253959	0.078867277	0.08716154	0.485192379	-0.151165245	-0.05043586	0.051931987	0.106341703	0.394757027	0.021257329	0.028688823	0.089451419	-0.0352186	0.102317759	-0.012139021	0.095730327	0.199708955
"HIST1H2BM"	"H2BC14"	8342	-0.2752	0.2329	0.355779486	0.075307581652516	0.30069482628572	-0.00500628389993357	0.872664137510202	0.607335348	-0.375748366	-0.012031078	-0.142892352	-0.206778622	-0.121629034	0.224885958	-0.309096951	-0.598259513	-0.08062114	-0.429654823	0.024318733	-0.096523603	0.082177662	0.075235227	0.540468771	-0.136640144	-0.082722325	0.068758319	0.11128529	0.461857875	-0.038268371	0.042567776	0.063017618	-0.049842968	0.110052619	-0.077687776	0.101386593	0.20134507
"HIST1H2BN"	"H2BC15"	8341	-0.218	0.1845	0.218500879	0.0814265191594296	0.299231363599254	0.0120177986053827	0.392149336529351	0.273404554	-0.17680121	-0.016962585	-0.060944812	-0.085822347	-0.051986357	0.113284367	-0.161539498	-0.215318375	-0.040369062	-0.211934708	0.025502562	-0.041028314	0.042759353	0.037013454	0.249824026	-0.08375525	-0.03074568	0.033213184	0.045902945	0.198379304	0.019140356	0.027667736	0.043838839	-0.027136061	0.046026443	-0.003866642	0.047638443	0.109529153
"HIST1H3D"	"H3C4"	8351	-0.3237	0.2739	0.244396308	0.0912506784622689	0.288882399334693	0.0892005539849371	0.515250050773832	0.35480815	-0.177426449	0.015916803	-0.049474838	-0.070417466	-0.093503217	0.075983492	-0.178791819	-0.296321431	-0.062117272	-0.246572748	-0.030922331	-0.031955927	0.01223621	0.18001044	0.267588459	-0.106533116	-0.030272804	0.048687203	0.12340477	0.260740829	0.150546773	0.173694201	0.198140934	-0.041883696	0.031005907	0.073320577	0.104308318	0.124509277
"ID2"	"ID2"	3398	-0.5116	0.4329	0.275496757	0.110873901362291	0.122218577001892	0.212973563384136	0.639861796927622	-0.146530187	-0.141985348	-0.075558673	-0.109933751	0.126920579	-0.107818346	0.218943874	-0.152472127	-0.181987873	-0.113846124	-0.051312381	0.222248384	-0.153069714	0.27710118	0.364632224	0.578902219	0.114680546	-0.02571032	0.027697191	0.004820427	0.012993483	0.358787956	0.086346493	0.256227165	-0.049743924	0.074039334	0.311547478	0.103920131	0.029391599
"IKBIP"	"IKBIP"	121457	0.6254	-0.5292	0.197972132	-0.138280116697958	0.0408763285292311	0.170289718794553	0.517661343631668	0.148856406	0.268509755	0.271622465	0.208216268	0.153834114	0.342139243	0.290227199	0.228927371	0.017413428	0.060408033	0.102415109	-0.064400085	0.255999666	-0.053770622	-0.07260517	-0.203369935	-0.220266956	-0.047342328	0.003194254	-0.007970707	-0.252569032	0.03784695	-0.020947231	0.017106637	-0.023626283	0.102990817	0.0374217	-0.044958182	-0.048695798
"ITPKC"	"ITPKC"	80271	0.4598	-0.3891	0.169549782	-0.134715915773642	-0.0629015879723635	0.251317886131392	0.334524998332993	0.112414164	0.230144947	0.184072883	0.259944638	0.146531636	0.140962834	0.108718655	0.186405535	0.126773626	0.133951913	0.191165583	0.101136068	0.148380661	-0.11652024	0.064438098	-0.104304852	0.013390082	0.029318576	-0.022682971	0.064535602	-0.185115066	0.041269476	0.042116418	0.05887266	0.006425597	0.081719827	0.08695378	0.044863796	0.018088517
"ITPR1"	"ITPR1"	3708	-0.5725	0.4844	0.232773223	0.104818334135049	0.0744911632552317	0.0199935163426346	0.571876134753556	-0.110226212	-0.025466965	0.01902446	-0.44290272	-0.233297812	-0.140591382	-0.103718259	-0.074463529	-0.140864082	-0.03977884	-0.160739331	0.274729472	-0.06290406	0.149887636	0.205150333	0.209307325	0.067754884	0.027767795	0.061014458	-0.054385656	-0.194416219	0.242864826	-0.146492342	0.203140572	0.014286139	0.110831708	0.21079114	0.254152645	0.054084812
"LCE1E"	"LCE1E"	353135	0.7035	-0.5952	0.312416332	-0.132121807921585	0.0894793036723663	0.466110863232889	0.890907153542228	0.007848151	0.511246582	0.885630414	0.481327124	0.145684826	0.3616161	0.65824937	0.393214669	-0.012485524	0.28568921	0.219233439	-0.026295863	0.524015776	-0.100073659	0.095469919	0.064518796	-0.104548303	0	-0.00201304	0	0	-0.088917848	-0.320716718	-0.067227495	0	0.09399714	0	0.063624117	0
"LRRFIP2"	"LRRFIP2"	9209	-0.5148	0.4356	0.203927825	0.112274554082992	0.0459830920764807	0.0878891044255614	0.425547673551332	-0.041365295	-0.031343636	-0.013632046	-0.243408184	-0.114165041	-0.040828243	-0.095315667	-0.086709202	-0.062919579	-0.080474871	-0.09629916	0.202164763	-0.08850801	0.05583969	0.208487864	0.010836551	0.047120378	0.098004748	0.054168431	0.066483144	-0.010921166	0.233006842	-0.027168891	0.083294928	-0.018382734	0.310301424	0.279558274	0.064201346	0.105233787
"MDM2"	"MDM2"	4193	0.8071	-0.6829	0.196903887	-0.14220737227648	0.0926952345362944	0.488180558288502	0.591381480225622	0.413657192	0.375988374	0.464579128	0.149567521	0.234197436	0.382926635	0.260171142	0.372081483	0.17031262	0.155932897	0.226290404	0.514224791	0.392454889	0.057241291	-0.022204771	0.045379735	-0.018012108	0.053268149	-0.020741512	0.037757953	-0.041368523	-0.071198291	-0.002018951	0.006846848	0.000890465	0.064778914	-0.058803033	0.067816427	0.049735644
"MEX3B"	"MEX3B"	84206	0.4565	-0.3863	0.218491011	-0.093202159952506	0.0382234661774565	0.365338856814519	0.476707108938007	0.07757686	0.213091242	0.276358912	0.255121458	0.3484529	0.194624069	0.131049366	0.142670262	0.162973017	0.208163171	0.117650208	0.109132033	0.183537992	-0.122877168	0.108024255	-0.058553307	-0.055004563	0.041785208	-0.063144399	0.392702922	0.232839428	0.175867517	0.02305834	0.037838844	-0.003013965	-0.091902984	0.313024351	-0.146170787	-0.015514502
"NLRX1"	"NLRX1"	79671	0.4691	-0.397	0.208257531	-0.121404991570223	-0.0495421041741944	-0.0907224872086134	0.407559869562862	-0.006158017	0.139400734	0.077225891	0.12559863	0.111685654	0.078045168	0.020480655	0.042704341	0.044769797	0.066457498	0.000610698	-0.058131682	0.06645624	-0.075854622	-0.361582138	-0.052988887	-0.121631936	-0.070604776	-0.005928024	0.086544584	-0.027288647	-0.235677303	-0.067791418	-0.282806794	-0.007137621	-0.034383733	-0.228811383	0.045712324	-0.060910741
"PCDH8"	"PCDH8"	5100	0.8288	-0.7013	0.258922159	-0.143713179438213	0.0383206751000298	0.631847142449009	0.803867061928181	0.248696946	0.667842072	0.5469753	0.345363181	0.238685789	0.46493185	0.708238671	0.555684699	0.101833726	0.118103918	0.599225258	0.087680519	0.485016537	0.058628715	0	0.088539613	0.045974632	0.060949201	0	0.026449879	0.129298493	-0.041400594	0.055449961	-0.080078053	0.020313354	-0.064616885	0	0.048156552	0
"PHLDA3"	"PHLDA3"	23612	1.0259	-0.8681	0.211442463	-0.160115861173471	0.0347609540033281	0.385212352124184	0.703291193537417	0.399144066	0.407188457	0.505601359	0.330417359	0.448357182	0.292202276	0.209403556	0.383821575	0.126833495	0.148893146	0.318807843	0.259925645	0.352269135	-0.067644543	-0.196823535	-0.073836509	0.001390979	-0.033704846	-0.001242946	0.07676175	0.048357279	-0.151657405	0.062133319	-0.169619795	-0.062527037	-0.0023238	-0.153726139	-0.052177678	-0.04337048
"PLK3"	"PLK3"	1263	0.4675	-0.3956	0.256450066	-0.112616313099428	0.00375111112429143	0.212771936094685	0.767922990786428	0.267648522	0.386810079	0.387822711	0.40744015	0.370706226	0.212786347	-0.015299866	0.270857412	0.082437279	-0.09756083	0.32573547	0.138671608	0.201017587	-0.164743863	0.145174905	-0.069477801	-0.211252205	0.014681313	-0.006941957	-0.395845662	-0.521909738	0.08398598	-0.119616323	0.139661047	-0.059363933	0.232379611	-0.034329736	-0.112409084	-0.001593934
"PPM1D"	"PPM1D"	8493	1.1313	-0.9572	0.176351709	-0.150986425179021	0.0781589292035054	0.598376883417809	0.650681366444183	0.350346782	0.445590398	0.49432378	0.367464851	0.316904073	0.279438653	0.43411402	0.466742642	0.196100572	0.337109459	0.413606198	0.412083662	0.341099967	-0.027302803	0.012047427	-0.008530775	-0.037203154	0.010755707	0.01558218	0.137414171	0.294811241	0.021409713	-0.01449583	0.076974634	-0.062985469	-0.032327539	-0.016728485	-0.00216966	0.001575913
"PRKAB1"	"PRKAB1"	5564	1.1057	-0.9356	0.205533748	-0.158312689735656	0.0275605292057133	0.510948045761154	0.75365486947437	0.265207844	0.55079332	0.454871558	0.568751116	0.341722259	0.352859558	0.30011392	0.480129133	0.155335453	0.305458615	0.42274443	0.346637435	0.36645438	0.07560862	-0.063063639	-0.022933708	-0.140812344	-0.083797517	-0.022209182	0.149665998	0.100123036	-0.076243859	-0.08919934	-0.09286074	-0.064541469	-0.050040726	-0.029957494	0.050361961	-0.090668666
"PRKAB2"	"PRKAB2"	5565	0.4991	-0.4223	0.19527471	-0.133135464102265	0.0256316828908151	0.244837047491764	0.426227962738184	0.142132799	0.347016158	0.238001576	0.179375373	0.197605517	0.173079379	0.103838506	0.289425079	0.095548658	0.052516766	0.125510316	0.055560343	0.229832607	0.086861598	0.013703691	-0.11117059	-0.144183509	-0.064790975	-0.031660053	0.13304336	-0.162767211	0.015568759	-0.096712444	0.129237453	-0.055789033	0.083222033	0.111627294	0.038775024	-0.037012909
"PTGER4"	"PTGER4"	5734	-0.6048	0.5118	0.259978228	0.118470935856243	0.0841490243212442	0.173675579457513	0.649073556805209	-0.111100306	-0.092548899	-0.099158731	-0.17876964	-0.119779659	-0.027793063	0.049592355	-0.093746442	-0.035937074	-0.229482876	-0.111028556	0.15767879	-0.118578224	0.130051058	0.436745233	0.466814389	0.148346019	0.158866181	-0.005092887	-0.024237668	-0.121379568	0.473823996	-0.046379218	0.23899821	-0.099403152	0.174617737	0.272265169	0.07357392	0.249208115
"RAPGEF2"	"RAPGEF2"	9693	-0.5772	0.4884	0.226287667	0.126076994678446	0.0951472480235549	0.0709691815484065	0.535302173745419	-0.038632287	-0.084620964	-0.041294227	-0.265510627	-0.188567946	-0.082452418	-0.082137495	-0.120831411	-0.129818722	-0.121010749	-0.213202146	0.087385383	-0.107048979	0.0801537	0.354539941	0.049005503	0.110539752	0.121271363	0.022262722	0.164170373	0.089124547	0.387199638	-0.101385886	0.157640658	-0.01681143	0.271161043	0.184770057	0.045338742	0.088313585
"RBM12B"	"RBM12B"	389677	0.5209	-0.4407	0.182128272	-0.132281904143297	0.0384210266657941	-0.0984302374923184	0.386874402610716	0.103865409	0.137257172	0.113329295	0.060269553	0.025098968	0.125416213	0.059183196	0.118219181	0.046788147	-0.050549364	-0.038460784	-0.044517621	0.131541919	-0.153230923	-0.132220449	-0.124927217	-0.187081869	-0.051244061	0.014396342	0.048093494	-0.259691234	-0.108769503	-0.253805317	-0.078922065	-0.021280999	-0.181810113	-0.032750069	-0.135711851	0.012231385
"RPS27L"	"RPS27L"	51065	0.5567	-0.4711	0.183472923	-0.132977528221966	0.141990744416922	0.298070412329248	0.380940589108982	0.198574401	0.149210579	0.290657823	0.155175791	0.255353739	0.33425387	0.15542039	0.086095657	0.08358855	0.160858048	0.113801053	0.096476841	0.344383728	-0.052479863	0.067327015	0.051813915	-0.100765867	-0.057185055	0.014093616	0.093872264	0.020494674	0.060432537	-0.032059504	0.056869983	-0.019519093	-0.003070486	0.08812489	-0.016442156	0.006758573
"RRM2B"	"RRM2B"	50484	0.6007	-0.5083	0.272242208	-0.128997929865873	0.157292575767163	0.568702419682221	0.702758686174026	0.271815921	0.507454831	0.504601264	0.368664791	0.311250896	0.493834801	0.246799821	0.417935461	-0.129301673	0.224592704	0.195564012	0.386522834	0.552005583	-0.103991158	0.16869209	0.062307191	-0.123883233	-0.082517467	0.028054692	0.097724391	0.108766175	0.137686231	-0.113716633	0.292067417	-0.06806262	0.073245355	0.157733049	0.041888316	-0.063036921
"SEL1L"	"SEL1L"	6400	-0.3013	0.2549	0.242394732	0.0815552308827466	0.0485932669583709	0.117347462190823	0.451855332584034	0.098575584	-0.063025719	0.022189518	-0.080919333	-0.147533556	-0.021083849	-0.094853318	-0.046460629	-0.041922864	0.122145434	-0.103327243	-0.055237011	-0.019547837	0.253644378	0.167528945	-0.02713562	-0.005587619	0.013306986	0.005011067	0.043059122	-0.012614341	0.067655853	-0.110364438	0.099907635	0.005184421	0.394605955	0.125946047	0.418761489	0.016519018
"SEMG2"	"SEMG2"	6407	0.4144	-0.3507	0.233760215	-0.111791646609548	0.0870107283514447	0.238747641948988	0.474231077131598	0.024458725	0.259528521	0.391279498	0.096631009	0.166790047	0.181995574	0.46680107	0.135270361	0.026398055	-0.025973706	0.242092455	0.015743358	0.172520525	-0.033903168	-0.006797659	0.116455982	0.037643723	-0.024742718	0.039384856	0.044871283	-0.067144971	0.037851356	0.022794215	0.088988057	-0.075721881	-0.028532556	-0.226690393	-0.068351013	0.074595242
"SERTAD1"	"SERTAD1"	29950	0.9273	-0.7847	0.252867208	-0.126031467099196	0.0572921377774594	0.82005984615098	0.860454398313531	0.348386344	0.498067155	0.552670616	0.7714788	0.729334407	0.369168647	0.441434717	0.463951978	0.173900741	0.567505636	0.475627589	-0.006339052	0.318113336	-0.006857512	0.085853611	0.130530787	-0.057373071	-0.015824758	0.008234347	0.410561838	0.544581805	0.214665107	0.13354509	0.145283653	-0.023769536	0.046843093	0.06980163	-0.166874719	-0.063486533
"SMAD5"	"SMAD5"	4090	0.5004	-0.4234	0.211049813	-0.133650967584754	0.0178297643704644	0.192557158378419	0.426352976595706	0.168685315	0.383908541	0.263841098	0.221475073	0.109975597	0.127018084	0.009948434	0.33002983	-0.025401728	0.005142554	0.042745608	0.157183799	0.155979131	-0.001310398	-0.015984058	-0.169878724	0.098576113	0.012916663	-0.012492498	0.105144877	-0.007514598	-0.018852313	-0.076389687	0.027030358	-0.032294184	-0.059266094	-0.002427353	-0.116755504	-3.5e-05
"TM7SF3"	"TM7SF3"	51768	0.607	-0.5136	0.173816425	-0.1444050811503	0.109434417890063	0.177576622828208	0.370280041908875	0.180124122	0.192566242	0.261427621	0.052479718	0.145996392	0.23292862	0.11749602	0.157673558	0.101814946	0.085900835	0.072573079	0.114563654	0.299944949	-0.092773394	0.02979117	-0.050626209	-0.111648997	-0.077821645	-0.017535629	0.031797066	-0.01394714	0.032975955	-0.067624454	0.025349742	0.010247894	-0.047062437	0.013452486	-0.049693654	-0.0801497
"TNFRSF17"	"TNFRSF17"	608	0.5502	-0.4656	0.357411379	-0.110146655107405	-0.00466892849025866	-0.291854019555738	0.942555322353349	0.004151194	0.271007675	0.235866294	0.230109331	0.165917174	0.09866694	-0.151877269	0.249633229	-0.092709598	-0.030597478	0.106492285	0.012088261	0.077703803	-0.197427666	-0.686895614	0.290779241	0.008395037	-0.381773996	-0.061608956	0.06681836	-0.329878295	-0.436909222	-0.515802847	-0.494942226	-0.024369238	-0.160636166	-0.664796072	0.165424646	-0.30067644
"TOPORS"	"TOPORS"	10210	0.4821	-0.4079	0.236195724	-0.118115196575306	-0.0687450976311089	-0.158761867125563	0.506071443176224	-0.030359571	0.186267105	0.071505215	0.178295806	0.132183879	0.033836117	0.016477837	0.098397118	-0.04459666	0.040398341	-0.063802397	0.163631776	-0.043801912	-0.022529918	-0.349207461	-0.262025611	-0.064177487	0.006969551	0.013944028	-0.03431468	-0.047757533	-0.291207959	-0.166755006	-0.437603778	-0.091520893	-0.041277124	-0.214434956	-0.138683967	0.016179699
"TP53I3"	"TP53I3"	9540	0.7029	-0.5947	0.198207248	-0.148250987729792	0.072972440818131	0.211451684571351	0.497665879235453	0.214196383	0.321904578	0.428014027	0.211742951	0.109724887	0.23698868	0.141433884	0.231320981	0.131201702	0.078852956	0.068285328	0.049862138	0.325274157	0.003966025	-0.118358376	0.044003391	-0.083000909	-0.14129202	0.02139048	-0.113098877	-0.035853061	-0.05967546	-0.005469591	-0.078396444	0.002727624	0.043021318	-0.107571787	0.021305218	-0.096554492
"TRIAP1"	"TRIAP1"	51499	0.912	-0.7717	0.231902284	-0.148166405168028	0.0545256314789387	0.13990836731735	0.725272746778085	0.209780846	0.288401224	0.358369074	0.331800505	0.37486561	0.319965433	0.232678898	0.208716713	0.064475699	0.173655029	0.164111371	-0.014457745	0.377721219	-0.444088674	-0.021851977	-0.286940269	-0.227233069	-0.076307702	0.001247418	-0.078626458	0.038257216	-0.016036571	-0.103813028	-0.010288243	-0.086853022	-0.1954901	-0.021566207	-0.258153709	-0.08095764
"TRIM22"	"TRIM22"	10346	0.8468	-0.7165	0.234242743	-0.151716228645138	0.0645594603729571	0.287256406352091	0.705636440244803	0.388742803	0.296407294	0.510299274	0.24759621	0.281050596	0.372247771	0.199920008	0.247723088	0.139842838	0.020273664	0.183846104	0.248464418	0.519064736	-0.062520565	-0.26741266	-0.042028151	-0.108570127	-0.068361305	0.021147071	0.070122651	-0.15808266	-0.205991254	-0.02061349	-0.138620194	0.041029062	-0.025997711	-0.151476929	0.028943616	-0.05933511
"USP41"	"USP41"	373856	0.077237042	0.011720961	0.09086917	-0.0529454040152981	-0.0240115298303933	0.114854091806897	0.291128005627581	0	-0.005701196	0.121978549	0.168330047	0.150166722	-0.038200417	0.131981807	0.044106498	-0.046298761	0.081967934	0.147627607	0	0.070888069	0.062057589	-0.038656778	0.097010878	0.109871399	0	-0.11817354	-0.027720086	-0.028215002	-0.061309968	0.146776688	-0.117505365	-0.051473085	0.164801234	-0.006501467	0.109297648	-0.064445728
